-0.633130 0.559382 0.193700 -0.108334 -0.800050 -0.081502 -0.332583 -0.714266 0.301777 -0.887177
0.443998 0.877105 -0.998442 0.984423 0.234963 0.223306 -0.985867 -0.953875 0.049549 -0.200278
-0.906669 0.947511 -0.534457 -0.668787 0.386772 -0.085076 1.116462 -0.066474 0.719881 0.360615
-0.099001 -0.973470 1.334403 0.476576 -0.029167 -0.418067 0.011788 -0.367949 0.366527 0.219993
0.666390 -0.503271 0.482121 -0.435528 0.310723 0.300312 -0.534117 0.535401 -0.637373 0.684570
-0.100492 0.490301 0.053318 0.504544 0.003082 -0.159112 0.241669 -0.477656 0.539068 0.494640
0.079384 0.223502 0.380511 0.114069 -0.148002 -0.657453 -0.219466 -0.418727 -0.653197 -0.210237
-0.213024 -0.971840 -0.302315 0.422684 0.430351 0.261920 0.602602 0.552154 0.229919 0.450077
-0.201099 -0.259180 -0.658364 0.087683 0.081845 -0.167404 0.249444 0.172487 0.115854 -0.056576
0.247828 0.143459 -0.328030 -0.487863 -0.969133 -0.128674 0.721782 0.428673 -0.246562 -0.058473
-0.449260 -0.373449 0.291032 -0.371337 0.208835 0.229682 0.606123 0.935707 0.947731 -0.210430
0.410936 0.348708 -0.258733 -0.639011 -0.386931 -0.963119 0.233020 0.416560 0.348690 -0.755824
-0.587404 0.363657 -0.655736 -0.204620 -1.148959 -0.244862 -0.340437 -0.420688 0.518179 0.119660
0.084872 -0.461175 -0.561749 -0.013418 -0.362472 -0.233796 -0.592328 -0.870216 0.557831 0.293752
0.092609 0.424541 -0.703826 0.745481 -0.716438 0.653230 -0.677926 -0.583898 0.090142 0.518703
0.361411 -0.238131 -0.404434 -0.194214 -0.114607 -1.138293 -0.260691 -0.515680 0.606279 -0.059399
-0.306914

-0.202351 0.632864 0.596690 -0.698565 0.016398 0.391626 0.716718 -0.348082 -0.559518 0.422299
0.619002 -0.302668 -0.807647 0.831047 -0.304856 -0.064497 0.575420 0.301380 0.470432 -0.581857
0.082896 0.391569 -0.592900 -0.800090 0.814337 0.083272 -0.278342 0.942507 0.880839 0.116587
0.765273 -0.622586 -0.292257 0.200716 0.393322 0.712649 0.209016 1.025540 0.651857 0.871270
0.570681 0.487977 0.161373 -0.505435 0.480267 0.697328 0.017842 0.010728 0.121228 -0.103152
0.988915 -0.798150 -0.713849 -0.012213 -0.792355 -0.567062 0.388341 0.541880 -0.233878 0.085080
0.017628 0.172665 -0.499076 0.029742 0.557786 -0.126516 0.612198 -0.231211 -0.149843 0.290207
0.337848 0.678335 -0.739630 0.198387 -0.255992 0.887108 -0.862792 0.889101 -0.010111 -0.490879
0.666988 0.495438 1.356143 -0.188499 -0.194470 0.344585 0.860663 -0.549307 -0.538606 -0.668178
-0.563050 0.070560 -0.154626 -0.110617 0.288426 0.910034 -1.059168 -0.832163 -0.157713 -0.332706
-0.541673 -0.409419 -0.054898 0.347340 -1.526757 0.167822 -0.244360 -0.706980 -0.660438 -0.537586
0.173027 -0.936812 -0.539630 0.405789 -1.211452 -0.758118 -0.206432 -0.498463 0.773234 -0.944766
0.157730 -0.373052 0.144052 -0.043695 -0.889917 0.313682 0.327867 0.320809 -0.549497 -0.922331
-0.393469 0.024165 -0.696698 0.405738 -0.606914 0.530504 -0.335470 0.634046 -0.661240 -0.177292
0.399024 -0.723294 -0.784509 0.839074 0.179190 -1.167865 -0.352358 -0.232959 0.388085 -0.548279
-0.631333 -0.838254 -0.143371 0.377000 -0.883613 0.830427 -0.115296 -0.520425 -0.812253 -0.634268
0.216846

0.276541 0.033393 0.314223 -0.128654 0.460079 -0.904568 0.132074 -0.682707 -0.759671 -0.316241
-0.816402 -0.811686 -0.377173 0.959021 -0.449339 -0.965678 0.526729 0.613826 -0.307391 -0.070652
0.299547 -0.903882 0.898291 0.623361 -0.428213 -0.919391 0.766873 0.002080 0.078755 0.367928
0.231702 0.837783 0.638503 0.434398 0.422807 0.651899 0.104337 -0.103266 -0.742999 0.622408
0.641279 0.101879 0.240854 0.302970 -0.486631 -0.452078 -0.720822 -0.495482 -1.072074 0.236508
-0.326892 -0.138555 -0.629207 0.363227 0.031249 -0.478611 -0.357925 0.085781 -0.453327 0.773296
-0.971627 -0.664108 0.285161 0.145944 -0.253058 -0.012959 -0.098151 -0.086705 -0.894621 -0.599967
0.011088 0.184233 -0.426267 -0.372806 0.359690 0.329817 -0.673528 -0.794542 -0.081345 -0.106878
-0.420764 -0.904730 -1.250030 -0.493029 1.017083 0.644286 -0.590190 0.313602 0.253540 -0.184958
-0.263949 -1.283431 -0.966592 0.404882 0.257406 -0.624544 0.642389 0.012592 -0.873071 0.711858
0.698496 0.591862 -1.088258 0.624071 0.191832 0.311663 0.537304 -0.173940 0.523928 0.583737
0.476961 -0.597817 -0.904847 -0.356697 0.833794 -0.806790 -0.573348 -0.833544 -0.137389 0.576277
0.710720 -0.776630 0.415387 -0.116223 -0.249564 0.166362 -0.536666 -0.644025 0.110169 -0.502552
-0.389495 -0.131096 -0.642636 -0.389596 -0.057054 0.181948 0.184390 0.245581 0.238423 0.262079
-0.574987 -0.199554 -0.044570 -0.734217 0.156740 -0.127328 0.554218 0.955801 0.112010 -0.354627
-0.913198 0.799287 0.788231 -0.544020 0.340822 -0.899131 -0.667569 -0.566382 -0.411012 0.991663
0.369228

-0.231596 0.474201 0.830509 0.917405 -0.884272 -0.210956 -0.786488 -0.328680 -0.660640 0.293697
-0.223463 -0.541211 -0.118124 0.070690 -0.180100 0.256482 -0.585368 -0.090473 -0.177587 0.205564
-0.458085 -0.383630 -0.497599 0.731064 -0.816722 -0.337675 0.688353 -0.484503 1.103323 0.103176
-0.720331 -0.377490 0.155205 0.160740 0.620572 -0.446522 -0.050843 -0.564021 0.408328 0.138163
-0.872976 -1.526356 -0.632296 0.027344 0.150718 0.433429 -0.331307 -0.250179 0.026331 0.170299
0.452242 -0.085838 0.355701 -0.317830 -0.139909 0.702885 0.299464 0.164455 0.256441 0.663998
-0.906207 -0.712655 -0.355630 0.096330 -0.147579 1.012743 -0.434446 0.332771 0.685947 -0.673184
0.583636 0.129912 0.010092 -0.258928 0.069336 -0.071277 0.510089 0.306302 0.734528 1.510925
0.116176 -0.176711 -0.190369 -0.867996 -0.297206 -0.055107 -0.798179 0.020942 0.195919 0.697205
0.345284 0.442944 -0.381306 0.134183 -0.312165 -1.167528 -1.608277 -0.058389 0.144827 0.068262
0.009300 -0.066874 -0.125473 -0.329762 -0.080468 -0.199399 -0.154665 -0.039865 0.343003 0.173322
0.598635 0.330472 0.796221 0.003871 -0.502302 0.243581 -0.409835 -0.104762 -1.286390 0.247431
0.118847 0.061983 0.838435 -0.592503 -0.289801 -0.156834 -0.415419 -0.187709 -0.374431 -0.526686
-0.636045 0.104572 -0.594810 0.136602 -1.230966 -0.555444 0.622514 -0.326819 0.198083 -1.077767
0.569911 0.062532 0.791032 -0.625317 -0.454522 -0.483766 0.674331 0.788881 -0.000768 -1.289055
0.734430 -0.241707 -0.155672 -0.740262 0.524810 -0.585432 0.127930 0.681420 -0.821591 0.070671
0.193850

-0.314146 -0.052060 -0.289791 0.297646 -0.040836 0.168399 0.473645 0.115485 0.173071 0.128917
-0.242455 -0.325106 0.749295 0.165110 -0.611294 -0.003505 -0.339303 0.867384 -0.984931 -0.549334
-0.269286 -0.074380 0.551635 -1.124225 0.261730 -1.138693 0.484628 -0.896729 -0.963515 0.393923
0.994511 0.793221 -0.148003 0.184791 -1.389400 0.550134 -0.568502 0.295792 0.691723 0.436915
0.070073 0.103239 0.077165 -1.339845 -0.064012 -0.278095 -1.000986 0.072494 0.009680 0.414460
0.535559 -0.625420 -0.037792 -0.035971 -1.258716 -0.712234 -0.661539 -0.041464 -0.052794 0.097844
-0.596539 0.369143 -0.424264 -1.022351 -1.344578 -0.816608 -0.053668 0.062204 0.338579 -0.786601
0.701455 0.141949 0.167037 0.665876 0.631859 -0.589996 0.158457 0.752899 0.243193 -0.903811
0.363029 0.305882 0.651004 0.399074 0.050265 -0.727190 -0.278616 0.117517 0.465732 -0.367607
-0.023387 0.015964 0.303897 0.327565 0.099335 0.198203 0.429562 -0.122511 0.004973 -0.289275
-0.317036 -0.336285 -0.216762 -0.191949 -0.464301 -0.136944 0.265632 0.011098 0.237435 -0.666538
0.657258 -0.459153 0.282922 0.046302 0.295385 0.254806 0.763961 0.357144 -0.613744 -0.590911
0.428128 -0.112037 0.509271 -0.394168 -0.327037 -0.142357 0.414000 -0.092084 0.104577 0.429721
-0.027285 -0.182090 0.593764 -0.725594 0.096885 -0.018983 0.282358 0.098059 0.553598 0.718150
-0.314951 -0.545298 -0.152806 -0.224141 0.279901 0.773705 -0.721768 -0.898411 -0.437969 0.502191
0.185926 -0.795575 0.837501 0.580169 -0.953955 0.302734 0.442493 -0.251129 -0.862157 -0.845358
-0.883567

