-0.633130 0.559382 0.193700 -0.108334 -0.800050 -0.081502 -0.332583 -0.714266 0.301777 -0.887177
0.443998 0.877105 -1.048442 0.934423 0.184963 0.173306 -0.985867 -0.953875 0.049549 -0.200278
-0.906669 0.897511 -0.584457 -0.718787 0.236772 -0.185076 1.016462 -0.116474 0.719881 0.360615
-0.099001 -1.073470 0.934404 0.626576 0.320833 -0.318067 0.061788 -0.517949 0.266527 0.219993
0.666390 -0.603271 0.282121 -0.635528 0.310723 0.100312 -0.484117 0.785401 -0.787373 0.684570
-0.100492 0.190300 0.353318 0.054544 -0.296918 0.040888 -0.008331 -0.077656 0.889068 0.494640
0.079384 0.023502 0.430511 0.014069 -0.448002 -0.507453 -0.269466 -0.918727 -0.553197 -0.210237
-0.413024 -1.271840 -0.302315 0.372684 0.330351 0.111920 1.552601 0.602154 0.479919 0.450077
-0.451099 -0.609180 0.041637 0.237683 0.131845 0.132596 0.199444 0.422487 0.115854 0.143424
0.347828 0.643459 -0.278030 -0.487863 -1.019133 0.421326 -0.078218 0.478673 -0.396562 0.241527
-0.399260 0.376551 0.291032 -0.721337 0.108835 0.379682 -0.193877 1.035707 0.747731 0.039570
0.410936 0.148708 -0.108733 -0.439011 0.013069 -0.363119 -0.466980 0.366560 0.548690 -0.755824
-0.287404 0.263657 -0.455736 -0.254620 -0.998959 -0.444862 -0.790438 -0.470688 0.468179 -0.180340
0.384872 -0.461175 -0.761749 -0.263418 -0.612472 -0.083796 -0.242328 -1.120215 0.457831 0.343752
0.392609 0.424541 -0.703826 0.895481 -0.566438 0.753230 -0.377926 -0.983899 -0.259858 0.168703
0.361411 0.061869 -0.104434 0.105786 0.185393 -0.838293 -0.260691 -0.515680 0.606279 -0.059399
0.093086

-0.202351 0.632864 0.596690 -0.698565 0.016398 0.391626 0.716718 -0.348082 -0.559518 0.422299
0.619002 -0.302668 -0.707647 0.881047 -0.204856 -0.014497 0.525420 0.301380 0.470432 -0.581857
0.082896 0.491569 -0.542900 -0.800090 0.864337 0.133272 -0.378342 1.042507 0.880839 0.116587
0.765273 -0.572586 -0.542257 0.300716 0.243322 0.362648 -0.040984 0.925540 0.751857 0.871270
0.570681 0.337977 0.161373 -0.355434 0.580267 0.847328 -0.332158 -0.189272 0.071228 -0.103152
0.988915 -0.648149 -0.863849 -0.212213 -0.892355 -0.417062 0.388341 0.491880 -0.283878 0.085080
0.017628 0.322665 -0.599076 0.079742 0.657786 -0.076516 0.612198 -0.131211 -0.199843 0.290207
0.337848 0.628335 -0.689629 -0.001613 -0.155992 0.537108 -0.862792 0.889101 -0.210111 -0.440879
0.766988 0.395438 1.156144 -0.338499 -0.194470 0.144585 1.160663 -0.599307 -0.688606 -0.618178
-0.463050 -0.079440 -0.154626 -0.210617 0.388426 0.910034 -0.859168 -0.782163 -0.257713 -0.282706
-0.491673 -0.559419 -0.154898 0.347340 -1.226757 0.317822 0.005640 -0.606980 -0.710438 -0.487586
0.223027 -1.086812 -0.489630 0.255789 -1.111452 -1.208118 -0.306432 -0.898463 0.373234 -0.944766
0.157730 -0.423052 0.294052 -0.143695 -0.839917 0.613682 0.577867 0.670809 -0.499497 -0.922331
-0.393469 0.024165 -0.546698 0.455738 -0.906914 0.730504 -0.135470 0.834046 -0.661240 -0.277292
0.399024 -0.723294 -0.784509 0.839074 0.179190 -1.017865 -0.202358 -0.132959 0.488085 -0.498279
-0.631333 -0.838254 -0.143371 0.377000 -0.883613 0.830427 -0.115296 -0.520425 -0.812253 -0.634268
0.366846

0.276541 0.033393 0.314223 -0.128654 0.460079 -0.904568 0.132074 -0.682707 -0.759671 -0.316241
-0.816402 -0.811686 -0.377173 0.959021 -0.349339 -0.965678 0.526729 0.613826 -0.307391 -0.070652
0.299547 -0.903882 0.898291 0.573361 -0.378213 -0.869391 0.716873 0.002080 0.078755 0.367928
0.231702 0.887783 0.688503 0.534398 0.622807 0.801899 0.254337 -0.003266 -0.742999 0.622408
0.641279 0.101879 0.240854 0.352970 -0.536631 -0.452078 -0.720822 -0.545482 -0.972074 0.236508
-0.326892 0.011445 -0.479207 0.313227 0.031249 -0.478611 -0.357925 -0.114219 -0.503327 0.873296
-0.971627 -0.514108 0.385161 0.145944 -0.203058 0.037041 -0.048151 -0.086705 -0.994621 -0.499967
0.111088 0.334233 -0.476267 -0.422806 0.259690 0.379817 -0.623528 -0.744542 -0.181345 -0.006878
-0.320764 -0.804730 -1.250030 -0.643029 1.017083 0.644286 -0.490190 0.363602 0.153540 -0.084958
-0.113949 -1.233431 -0.916592 0.254882 0.257406 -0.624544 0.742389 0.062592 -0.973071 0.811858
0.848496 0.591862 -1.038258 0.424071 0.191832 0.361663 0.537304 0.026060 0.423928 0.683737
0.626962 -0.597817 -0.654847 -0.456697 0.683794 -0.706790 -0.373348 -0.633544 -0.187389 0.676277
0.760720 -0.726630 0.365387 -0.016223 -0.299563 0.266362 -0.486666 -0.494025 0.160169 -0.502552
-0.339495 -0.131096 -0.592636 -0.389596 -0.057054 0.131948 0.184390 0.445581 0.338423 0.312079
-0.524987 -0.199554 -0.044570 -0.784217 0.156740 -0.177328 0.554218 0.955801 0.012010 -0.404627
-0.913198 0.849287 0.838231 -0.494020 0.390822 -0.849131 -0.667569 -0.566382 -0.411012 0.991663
0.369228

-0.231596 0.474201 0.830509 0.917405 -0.884272 -0.210956 -0.786488 -0.328680 -0.660640 0.293697
-0.223463 -0.541211 -0.268124 -0.079310 -0.280100 0.106482 -0.685368 -0.190473 -0.177587 0.205564
-0.458085 -0.533630 -0.647599 0.631064 -0.816722 -0.337675 0.538353 -0.634503 1.003323 0.103176
-0.670331 -0.227490 0.555205 0.060740 0.870572 -0.196522 0.549157 -0.314021 0.608328 0.138163
-0.872976 -1.226356 -0.882296 -0.572656 -0.149282 0.583429 0.368693 -0.300179 0.426331 0.170299
0.452242 -0.085838 0.155701 0.332170 -0.239909 -0.247115 0.349464 -0.185545 0.306441 0.513998
-0.906207 -0.812655 -0.455630 -0.053670 -0.297579 0.662743 -0.384445 0.682772 0.735947 -0.823184
0.583636 0.279912 -0.339908 -0.458928 0.219336 0.078723 0.160089 0.556302 0.534527 0.960925
0.416176 0.023289 -0.390369 -0.967996 -0.047206 -0.255107 -0.748179 0.220942 0.095919 0.347205
0.595284 0.342943 -0.531306 0.534183 0.237835 -1.017528 -1.258277 -0.108389 0.144827 -0.281738
0.259300 -0.316874 -0.175473 -0.179762 0.019532 -0.249399 0.195335 -0.039865 0.643003 -0.076678
0.848635 0.480472 0.746221 -0.046129 -1.002302 0.243581 -0.009835 0.395238 -1.036391 0.097431
0.068847 0.411983 0.488434 -0.492503 -0.389801 -0.306834 -0.165419 -0.187709 -0.374431 -0.176686
-0.686045 0.004572 -0.294810 0.486602 -1.130966 -0.455444 0.422514 0.073181 0.048083 -1.177767
0.519911 0.062532 0.691032 -0.675317 -0.504522 -0.533766 0.574331 0.938881 0.049232 -0.989056
0.734430 -0.291707 -0.205672 -0.790262 0.474810 -0.635432 0.127930 0.681420 -0.821591 0.070671
-0.006150

-0.314146 -0.052060 -0.289791 0.297646 -0.040836 0.168399 0.473645 0.115485 0.173071 0.128917
-0.242455 -0.325106 0.649295 0.015110 -0.761294 -0.203505 -0.389303 0.867384 -0.984931 -0.549334
-0.269286 -0.174380 0.551635 -1.124225 0.311730 -1.088693 0.284628 -1.046729 -0.963515 0.393923
1.044511 0.843221 -0.048003 0.234791 -1.489400 0.500134 -0.518502 0.095792 0.641723 0.436915
0.070073 0.303239 0.277165 -0.889845 0.085988 -0.028095 -1.050986 0.122494 -0.040320 0.414460
0.535559 -0.525420 0.012208 0.014029 -1.158716 -0.312234 -0.661539 -0.091464 -0.102794 0.097844
-0.596539 0.369143 -0.724264 -0.722350 -1.294578 -0.866608 -0.203668 0.012204 0.338579 -0.786601
0.701455 0.141949 -0.132963 0.615876 0.481859 -0.839996 -0.441543 0.952899 0.293193 -0.903811
0.513029 0.205882 0.651004 0.449074 0.050265 -0.777190 -0.728617 0.517517 0.615732 -0.367607
0.126613 -0.134036 0.203897 0.377565 0.149335 0.048203 0.229562 0.177489 0.104973 -0.289275
-0.217036 -0.536285 -0.166762 -0.041949 -0.264301 -0.386944 -0.034368 0.061098 0.387435 -0.666538
0.757258 -0.459153 0.032922 0.246302 0.545385 0.154806 0.663961 0.657144 -0.413744 -0.590911
0.428128 -0.012037 0.109271 -0.544168 -0.227037 -0.142357 0.414000 -0.292084 0.054577 0.529721
-0.027285 -0.182090 0.543764 -1.025594 -0.153115 -0.118983 0.232358 0.248059 0.553598 0.818150
-0.314951 -0.545298 -0.152806 -0.274141 0.179901 0.823705 -0.671768 -0.798411 -0.387969 0.602191
0.185926 -0.795575 0.837501 0.580169 -0.953955 0.302734 0.542493 -0.251129 -0.862157 -0.845358
-1.083567

