-0.633130 0.559382 0.193700 -0.108334 -0.800050 -0.081502 -0.332583 -0.714266 0.301777 -0.887177
0.443998 0.877105 -0.998442 0.984423 0.234963 0.223306 -0.985867 -0.953875 0.049549 -0.200278
-0.906669 0.947511 -0.534457 -0.618787 0.386772 -0.085076 1.166462 -0.066474 0.719881 0.360615
-0.099001 -0.973470 0.984404 0.576576 0.270833 -0.368067 0.111788 -0.417949 0.366527 0.219993
0.666390 -0.503271 0.382121 -0.635528 0.310723 0.050312 -0.484117 0.785401 -0.687373 0.684570
-0.100492 0.240300 0.303318 0.304544 -0.246918 -0.109112 -0.108331 -0.077656 0.789068 0.494640
0.079384 0.023502 0.430511 0.114069 -0.348002 -0.407453 -0.319466 -0.968727 -0.603197 -0.210237
-0.413024 -1.121840 -0.152315 0.422684 0.380351 0.111920 1.602601 0.552154 0.279919 0.450077
-0.451099 -0.559180 -0.108363 0.037683 0.031845 -0.017404 0.099444 0.372487 -0.034146 0.093424
0.297828 0.643459 -0.228030 -0.487863 -1.019133 0.421326 -0.028218 0.578673 -0.496562 0.191527
-0.449260 0.276551 0.191032 -0.621337 0.208835 0.379682 -0.093877 1.035707 0.747731 0.039570
0.410936 0.348708 -0.208733 -0.489011 -0.086931 -0.263119 -0.366980 0.266560 0.548690 -0.755824
-0.287404 0.263657 -0.255735 -0.304620 -1.048959 -0.444862 -0.890438 -0.420688 0.668179 -0.230340
0.384872 -0.461175 -0.761749 -0.213418 -0.612472 -0.033796 -0.292328 -1.120215 0.607831 0.493752
0.392609 0.424541 -0.703826 0.895481 -0.566438 0.703230 -0.427926 -0.983899 -0.259858 0.168703
0.361411 0.061869 -0.104434 0.105786 0.185393 -0.838293 -0.260691 -0.515680 0.606279 -0.059399
-0.006914

-0.202351 0.632864 0.596690 -0.698565 0.016398 0.391626 0.716718 -0.348082 -0.559518 0.422299
0.619002 -0.302668 -0.757647 0.931047 -0.204856 0.035503 0.575420 0.251380 0.470432 -0.581857
0.082896 0.441569 -0.542900 -0.650090 0.814337 0.083272 -0.178342 0.992507 0.830839 0.116587
0.765273 -0.572586 -0.492257 0.250716 0.143322 0.312648 0.109016 0.975540 0.701857 0.871270
0.570681 0.337977 0.361373 -0.355434 0.630267 0.897328 -0.282158 0.010728 0.071228 -0.103152
0.988915 -0.648149 -0.913849 -0.112213 -0.792355 -0.417062 0.338341 0.541880 -0.283878 0.085080
0.017628 0.322665 -0.649076 0.029742 0.607786 -0.176516 0.562198 -0.131211 -0.199843 0.290207
0.337848 0.678335 -0.589629 -0.051613 -0.255992 0.487108 -0.912792 0.989101 -0.210111 -0.440879
0.766988 0.445438 1.106144 -0.338499 -0.194470 0.144585 1.110663 -0.549307 -0.638606 -0.618178
-0.513050 -0.029440 -0.204626 -0.260617 0.338426 0.860034 -0.909168 -0.682163 -0.157713 -0.282706
-0.541673 -0.609419 -0.204898 0.397340 -1.226757 0.317822 -0.094360 -0.556980 -0.560438 -0.487586
0.223027 -1.036812 -0.489630 0.305789 -1.261452 -1.208118 -0.356432 -0.848463 0.373234 -0.944766
0.157730 -0.473052 0.294052 -0.143695 -0.889917 0.463682 0.577867 0.820809 -0.499497 -0.922331
-0.393469 -0.025835 -0.646698 0.455738 -0.806914 0.830504 0.014530 0.734046 -0.661240 -0.177292
0.399024 -0.723294 -0.834509 0.789074 0.229190 -1.167865 -0.402358 -0.232959 0.438085 -0.548279
-0.631333 -0.838254 -0.143371 0.377000 -0.883613 0.830427 -0.165296 -0.520425 -0.812253 -0.634268
0.316846

0.276541 0.033393 0.314223 -0.128654 0.460079 -0.904568 0.132074 -0.682707 -0.759671 -0.316241
-0.816402 -0.811686 -0.377173 0.959021 -0.449339 -0.965678 0.526729 0.613826 -0.307391 -0.070652
0.299547 -0.903882 0.898291 0.623361 -0.428213 -0.919391 0.716873 0.002080 0.078755 0.367928
0.231702 0.837783 0.688503 0.584398 0.472807 0.751899 0.254337 -0.103266 -0.742999 0.622408
0.641279 0.101879 0.390854 0.402970 -0.486631 -0.552078 -0.670822 -0.595482 -0.972074 0.236508
-0.326892 0.061445 -0.529207 0.413227 -0.018751 -0.428611 -0.207925 -0.114219 -0.453327 0.873296
-0.921627 -0.614108 0.385161 0.145944 -0.153058 0.037041 0.001849 -0.236705 -0.894621 -0.499967
0.161088 0.234233 -0.376267 -0.472806 0.259690 0.379817 -0.573528 -0.794542 -0.181345 -0.006878
-0.270764 -0.904730 -1.100030 -0.593029 1.067083 0.694286 -0.440190 0.413602 0.153540 -0.084958
-0.113949 -1.283431 -0.916592 0.204882 0.207406 -0.674544 0.742389 0.162592 -0.973071 0.811858
0.848496 0.541862 -0.988258 0.474071 0.141832 0.411663 0.537304 0.076060 0.523928 0.683737
0.626962 -0.547817 -0.654847 -0.506697 0.783794 -0.756790 -0.323348 -0.683544 -0.037389 0.726277
0.760720 -0.726630 0.465387 -0.116223 -0.399563 0.166362 -0.486666 -0.444025 0.210169 -0.502552
-0.339495 -0.131096 -0.592636 -0.389596 0.092946 0.131948 0.134390 0.395581 0.438423 0.312079
-0.524987 -0.199554 -0.044570 -0.834217 0.106740 -0.177328 0.554218 0.955801 0.062010 -0.404627
-0.913198 0.849287 0.838231 -0.494020 0.390822 -0.849131 -0.667569 -0.566382 -0.411012 0.991663
0.419228

-0.231596 0.474201 0.830509 0.917405 -0.884272 -0.210956 -0.786488 -0.328680 -0.660640 0.293697
-0.223463 -0.541211 -0.268124 -0.079310 -0.280100 0.106482 -0.735368 -0.240473 -0.177587 0.205564
-0.458085 -0.533630 -0.647599 0.581064 -0.766722 -0.337675 0.588353 -0.634503 0.953323 0.103176
-0.670331 -0.327490 0.505205 -0.089260 0.820572 -0.296522 0.249157 -0.414021 0.558328 0.138163
-0.872976 -1.326356 -1.032296 -0.672656 -0.199282 0.433429 0.168693 -0.350179 0.376331 0.170299
0.452242 -0.185838 0.205701 0.182170 -0.189909 0.102885 0.549464 -0.135545 0.406441 0.513998
-0.906207 -0.862655 -0.655630 0.096330 -0.097579 0.662743 -0.284445 0.732772 0.935948 -0.823184
0.583636 0.179912 -0.289908 -0.108928 0.369336 0.178723 0.210089 0.456302 0.684528 0.960925
0.416176 -0.076711 -0.140369 -0.767996 0.002794 -0.255107 -0.898179 0.120942 0.245919 0.397205
0.645284 0.242943 -0.381306 0.284183 0.087835 -1.267528 -1.258277 -0.208389 0.344827 -0.231738
0.309300 -0.316874 -0.175473 -0.179762 -0.030468 -0.349399 0.145335 0.060135 0.443003 -0.076678
0.848635 0.380472 0.846221 -0.046129 -0.902302 0.343581 0.090165 0.395238 -1.186391 0.097431
0.068847 0.261983 0.488434 -0.592503 -0.489801 -0.256834 -0.365419 -0.237709 -0.474431 -0.276686
-0.686045 -0.045428 -0.344810 0.536602 -0.980966 -0.455444 0.572514 -0.026819 0.098083 -1.177767
0.519911 0.062532 0.641032 -0.725317 -0.554522 -0.633766 0.524331 0.888881 0.199232 -0.989056
0.734430 -0.291707 -0.205672 -0.790262 0.474810 -0.635432 0.127930 0.681420 -0.821591 0.070671
0.093850

-0.314146 -0.052060 -0.289791 0.297646 -0.040836 0.168399 0.473645 0.115485 0.173071 0.128917
-0.242455 -0.325106 0.549295 -0.034890 -0.761294 -0.203505 -0.389303 0.817384 -0.984931 -0.549334
-0.269286 -0.274380 0.451635 -1.074225 0.361730 -1.138693 0.234628 -1.096729 -1.013515 0.393923
1.044511 0.693220 -0.148003 0.234791 -1.439400 0.500134 -0.568502 0.045792 0.491723 0.436915
0.070073 0.053239 0.327165 -0.989845 0.035988 -0.128095 -0.900986 0.122494 -0.090320 0.414460
0.535559 -0.675420 0.162208 0.064029 -1.258716 -0.462234 -0.711539 -0.041464 -0.052794 0.097844
-0.596539 0.369143 -0.324264 -0.922351 -1.244578 -0.766608 0.096332 -0.137796 0.438579 -0.786601
0.701455 0.041949 0.067037 0.615876 0.481859 -0.739996 -0.091543 0.602899 0.243193 -0.903811
0.563029 0.105882 0.701004 0.449074 0.200265 -0.677190 -0.378616 0.267517 0.465732 -0.367607
0.026613 -0.034036 0.103897 0.327565 0.149335 -0.051797 0.429562 0.027489 0.004973 -0.289275
-0.367036 -0.586285 -0.316762 -0.191949 -0.314301 -0.236944 0.165632 0.161098 0.387435 -0.666538
0.757258 -0.509153 0.332922 -0.003698 0.295385 0.354806 0.663961 0.557144 -0.513744 -0.590911
0.428128 -0.062037 0.409271 -0.244168 -0.427037 0.007643 0.414000 0.007916 -0.045423 0.529721
-0.027285 -0.232090 0.493764 -0.825594 0.046885 0.181017 0.132358 0.148059 0.553598 0.868150
-0.314951 -0.545298 -0.202806 -0.274141 0.229901 0.873705 -0.671768 -0.848411 -0.287969 0.652191
0.185926 -0.795575 0.837501 0.580169 -0.953955 0.302734 0.442493 -0.251129 -0.862157 -0.845358
-0.833567

