-0.633130 0.559382 0.193700 -0.108334 -0.800050 -0.081502 -0.332583 -0.714266 0.301777 -0.887177
0.443998 0.877105 -0.998442 0.984423 0.234963 0.223306 -0.985867 -0.953875 0.049549 -0.200278
-0.906669 0.947511 -0.534457 -0.618787 0.436772 -0.035076 1.166462 -0.066474 0.719881 0.360615
-0.099001 -0.973470 1.084404 0.326576 0.070833 -0.618067 -0.038212 -0.317949 0.366527 0.219993
0.666390 -0.453271 0.032121 -0.785528 0.110723 -0.249688 -0.784117 0.585401 -0.687373 0.684570
-0.100492 0.190300 0.353318 0.104544 -0.146918 -0.159112 -0.208331 -0.077656 0.789068 0.494640
0.079384 0.173502 0.680511 0.164069 -0.248002 -0.657453 -0.219466 -0.818727 -0.453197 -0.210237
-0.413024 -0.871840 -0.502315 0.572684 0.480351 0.161920 1.202602 0.402154 0.429919 0.450077
-0.301099 -0.409180 -0.358364 0.087683 0.181845 -0.067404 -0.000556 0.172487 -0.034146 0.343424
0.497828 0.543459 -0.478030 -0.487863 -0.969133 0.171326 0.171782 0.478673 -0.546562 0.341527
-0.249260 0.026551 0.391032 -0.521337 0.158835 0.279682 -0.043877 1.085707 0.647731 0.089570
0.560936 0.148708 -0.458733 -0.689011 -0.336931 -0.313119 -0.366980 0.566560 0.498690 -0.755824
-0.287404 0.463657 -0.605736 0.045380 -0.898959 -0.394862 -0.890438 -0.470688 0.618179 -0.030340
0.384872 -0.461175 -0.861749 -0.463418 -0.662472 -0.233796 -0.292328 -0.970216 0.157831 0.093752
0.392609 0.424541 -0.703826 0.845481 -0.616438 0.753230 -0.277926 -0.933899 -0.259858 0.218703
0.361411 0.061869 -0.104434 0.105786 0.185393 -0.838293 -0.260691 -0.515680 0.606279 -0.059399
0.243086

-0.202351 0.632864 0.596690 -0.698565 0.016398 0.391626 0.716718 -0.348082 -0.559518 0.422299
0.619002 -0.302668 -0.757647 0.931047 -0.204856 0.035503 0.575420 0.251380 0.470432 -0.581857
0.082896 0.441569 -0.492900 -0.900090 0.764337 -0.066728 -0.328342 0.992507 0.830839 0.116587
0.765273 -0.572586 -0.492257 0.050716 0.093322 0.362648 0.109016 0.925540 0.701857 0.871270
0.570681 0.387977 0.461373 -0.505435 0.530267 0.847328 -0.082158 -0.089272 0.071228 -0.103152
0.988915 -0.698150 -0.863849 -0.262213 -0.792355 -0.317062 0.438341 0.441880 -0.233878 0.085080
0.067628 0.372665 -0.599076 0.029742 0.707786 -0.076516 0.712198 -0.131211 -0.249843 0.290207
0.387848 0.578335 -0.589629 -0.001613 -0.255992 0.837108 -0.812792 0.989101 -0.160111 -0.440879
0.766988 0.445438 1.306143 -0.188499 -0.044470 0.344585 0.960663 -0.649307 -0.738606 -0.618178
-0.463050 -0.179440 -0.204626 -0.160617 0.388426 0.810034 -1.009168 -0.782163 -0.207713 -0.282706
-0.441673 -0.559419 -0.154898 0.297339 -1.426757 0.317822 -0.094360 -0.606980 -0.710438 -0.487586
0.223027 -0.986812 -0.589630 0.355789 -1.211452 -0.758118 -0.206432 -0.748463 0.523234 -0.894766
0.157730 -0.373052 0.244052 -0.193695 -0.889917 0.463682 0.477867 0.570809 -0.399497 -0.922331
-0.393469 -0.025835 -0.546698 0.405738 -0.706914 0.730504 -0.235470 0.534046 -0.561240 -0.177292
0.399024 -0.723294 -0.834509 0.839074 0.229190 -1.117865 -0.402358 -0.232959 0.488085 -0.498279
-0.631333 -0.838254 -0.143371 0.377000 -0.883613 0.830427 -0.115296 -0.520425 -0.812253 -0.634268
0.216846

0.276541 0.033393 0.314223 -0.128654 0.460079 -0.904568 0.132074 -0.682707 -0.759671 -0.316241
-0.816402 -0.811686 -0.377173 0.959021 -0.449339 -0.965678 0.526729 0.613826 -0.307391 -0.070652
0.299547 -0.903882 0.898291 0.673361 -0.428213 -0.919391 0.766873 0.002080 0.078755 0.367928
0.231702 0.837783 0.688503 0.534398 0.422807 0.701899 0.154337 -0.103266 -0.742999 0.622408
0.641279 0.101879 0.390854 0.452970 -0.386631 -0.552078 -0.770822 -0.545482 -1.022074 0.236508
-0.326892 0.011445 -0.479207 0.363227 0.031249 -0.478611 -0.257925 -0.114219 -0.453327 0.873296
-0.921627 -0.564108 0.335161 0.095944 -0.253058 0.037041 -0.148151 -0.136705 -0.894621 -0.499967
0.161088 0.234233 -0.376267 -0.422806 0.309690 0.429817 -0.823528 -0.744542 -0.081345 -0.006878
-0.270764 -0.854730 -1.250030 -0.543029 0.917083 0.594286 -0.640190 0.363602 0.253540 -0.084958
-0.063949 -1.333431 -0.966592 0.354882 0.207406 -0.674544 0.642389 -0.037408 -0.823071 0.811858
0.898496 0.541862 -1.238258 0.524071 0.141832 0.161663 0.537304 -0.073940 0.473928 0.683737
0.626962 -0.447817 -0.854847 -0.456697 0.633794 -0.806790 -0.323348 -0.683544 -0.037389 0.726277
0.760720 -0.676630 0.515387 0.033777 -0.299563 0.316362 -0.436666 -0.444025 0.210169 -0.502552
-0.339495 -0.131096 -0.542636 -0.389596 0.092946 0.231948 0.234390 0.495581 0.488423 0.312079
-0.524987 -0.199554 -0.044570 -0.784217 0.106740 -0.177328 0.554218 0.905801 0.062010 -0.354627
-0.913198 0.849287 0.838231 -0.494020 0.390822 -0.849131 -0.667569 -0.566382 -0.411012 0.991663
0.419228

-0.231596 0.474201 0.830509 0.917405 -0.884272 -0.210956 -0.786488 -0.328680 -0.660640 0.293697
-0.223463 -0.541211 -0.268124 -0.079310 -0.280100 0.106482 -0.635368 -0.140473 -0.177587 0.205564
-0.458085 -0.533630 -0.647599 0.681064 -0.766722 -0.387675 0.638353 -0.634503 1.053323 0.103176
-0.720331 -0.427490 0.555205 0.110740 0.820572 -0.246522 0.099157 -0.614021 0.558328 0.138163
-0.872976 -1.426356 -0.682296 -0.322656 -0.299282 0.683429 0.168693 -0.550179 0.176331 0.170299
0.452242 -0.285838 0.355701 -0.017830 -0.339909 0.302885 0.349464 -0.135545 0.356441 0.513998
-0.906207 -0.712655 -0.505630 -0.003670 -0.147579 0.962743 -0.384446 0.332771 0.835948 -0.823184
0.583636 0.279912 -0.239908 -0.208928 0.169336 0.078723 0.410089 0.406302 0.484527 1.160925
0.416176 -0.076711 -0.190369 -0.717996 -0.047206 0.044893 -0.748179 -0.029058 0.195919 0.447205
0.595284 0.392944 -0.381306 0.284183 -0.112165 -1.167528 -1.358277 -0.108389 0.244827 -0.181738
0.259300 -0.316874 -0.125473 -0.179762 0.069532 -0.099399 0.145335 -0.189865 0.393003 0.123322
0.848635 0.280472 0.796221 0.003871 -0.852302 0.243581 -0.259835 0.295238 -1.036391 0.097431
0.068847 0.211983 0.588434 -0.542503 -0.539801 -0.206834 -0.265419 -0.337709 -0.324431 -0.276686
-0.686045 0.054572 -0.544810 0.336602 -1.130966 -0.655444 0.422514 -0.126819 0.198083 -1.077767
0.519911 0.062532 0.741032 -0.675317 -0.454522 -0.533766 0.574331 0.938881 0.199232 -0.989056
0.734430 -0.291707 -0.205672 -0.790262 0.474810 -0.635432 0.127930 0.681420 -0.821591 0.070671
0.143850

-0.314146 -0.052060 -0.289791 0.297646 -0.040836 0.168399 0.473645 0.115485 0.173071 0.128917
-0.242455 -0.325106 0.599295 0.015110 -0.711294 -0.203505 -0.389303 0.817384 -0.984931 -0.549334
-0.269286 -0.224380 0.401635 -1.224225 0.311730 -1.138693 0.334628 -1.096729 -1.013515 0.393923
0.994511 0.643220 -0.248003 0.184791 -1.439400 0.450134 -0.518502 0.045792 0.491723 0.436915
0.070073 0.053239 0.277165 -0.989845 0.085988 -0.228095 -1.050986 0.272494 -0.190320 0.414460
0.535559 -0.475420 0.162208 -0.085971 -1.158716 -0.512234 -0.561539 0.108536 -0.102794 0.097844
-0.596539 0.419143 -0.574264 -0.822351 -1.194578 -0.766608 -0.003668 -0.137796 0.388579 -0.786601
0.701455 0.041949 0.117037 0.565876 0.481859 -0.739996 0.008457 0.602899 0.193193 -0.903811
0.513029 0.205882 0.801004 0.349074 0.150265 -0.727190 -0.278616 0.317517 0.365732 -0.367607
0.026613 -0.034036 0.253897 0.327565 0.199335 0.248203 0.529562 0.027489 -0.095027 -0.289275
-0.317036 -0.536285 -0.016762 -0.141949 -0.414301 -0.036944 0.265632 0.011098 0.187435 -0.666538
0.757258 -0.609153 0.132922 0.096302 0.395385 0.504806 0.813961 0.457144 -0.413744 -0.590911
0.428128 -0.162037 0.309271 -0.394168 -0.277037 -0.142357 0.614000 0.007916 0.204577 0.529721
-0.027285 -0.232090 0.443764 -1.025594 -0.003115 -0.018983 0.082358 0.098059 0.553598 0.818150
-0.314951 -0.545298 -0.202806 -0.324141 0.229901 0.823705 -0.671768 -0.848411 -0.337969 0.602191
0.185926 -0.795575 0.837501 0.580169 -0.953955 0.302734 0.442493 -0.251129 -0.862157 -0.845358
-0.983567

