0.593086 -0.633130 0.559382 0.193700 -0.108334 -0.800050 -0.081502 -0.332583 -0.714266 0.301777
-0.887177 0.443998 0.877105 -0.998442 0.984423 0.234963 0.223306 -0.985867 -0.953875 0.049549
-0.200278 -0.906669 0.947511 -0.264457 -0.548787 0.506772 0.034924 0.966462 -0.066474 0.719881
0.360615 -0.219001 -0.823470 1.154403 0.396576 0.040833 -0.698068 -0.388212 -0.637949 0.366527
0.219993 0.816390 -0.503271 0.052121 -0.665528 0.480723 0.120312 -0.434117 0.285401 -0.937373
0.684570 0.109508 -0.119700 0.823318 0.454544 -0.346918 0.110888 0.131669 1.132344 0.689068
0.494640 0.169384 0.263502 0.930511 0.214069 -0.448002 -0.407453 -0.579466 -0.878727 -0.153197
-0.210237 -0.323024 -0.881840 -0.602315 0.422684 0.580351 0.211920 0.942602 0.392154 0.829919
0.700077 -0.011099 -0.719180 -0.408363 0.187683 0.181845 0.032596 -0.360556 0.212487 -0.234146
0.943424 0.787828 0.533459 -0.528030 -0.487863 -0.919133 0.421326 -0.538219 0.118673 -0.596562
0.791527 0.040740 0.216551 0.241032 -0.721337 0.208835 -0.070318 -0.353878 1.125707 0.197731
0.389570 1.000935 0.338708 -0.318733 -0.969011 -0.266931 -0.353119 0.043020 1.096560 -0.351310
-0.755824 -0.287404 1.053657 -0.365736 0.385380 -0.908959 -0.204862 -0.150437 0.379312 0.008179
-0.030340 0.384872 -0.461175 -0.271749 -0.423418 -0.322472 0.356204 -0.312328 0.239784 0.617831
-0.506248 0.392609 0.424541 -0.703826 0.995481 -0.466438 0.953230 -0.177926 -0.933899 -0.309858
0.268703 0.361411 0.061869 -0.104434 0.105786 0.185393 -0.838293 -0.260691 -0.515680 0.606279
-1.71

-0.059399 0.966846 -0.202351 0.632864 0.596690 -0.698565 0.016398 0.391626 0.716718 -0.348082
-0.559518 0.422299 0.619002 -0.302668 -0.807647 0.881047 -0.204856 0.035503 0.675420 0.351380
0.470432 -0.581857 0.082896 0.391569 -0.542900 -0.650090 0.964337 0.033272 -0.478342 0.992507
0.930839 0.086587 0.735273 -0.652586 -0.472257 0.370716 0.663322 0.682649 -0.220984 0.775540
0.701857 0.841270 0.510681 0.307977 0.281373 -0.135434 0.850267 0.887328 -0.462158 -0.389272
-0.028773 -0.163152 0.928915 -0.528150 -0.963849 -0.012213 -0.522355 -0.327062 0.428341 0.441880
-0.383878 0.025080 -0.042372 0.272665 -0.499076 0.179742 0.957786 -0.086516 0.752198 -0.131211
-0.299843 0.230207 0.277848 0.728335 -0.539629 -0.001613 0.144008 0.477108 -0.972792 0.989101
-0.060111 -0.500879 0.706988 0.645437 1.056144 -0.188499 0.255530 0.084585 0.900663 -0.849307
-0.388606 -0.678178 -0.523050 -0.029440 -0.254626 -0.210617 0.688426 0.650034 -1.069168 -0.582163
0.342287 -0.342706 -0.551673 -0.409419 -0.354898 0.697340 -0.726757 0.207822 -0.104360 -0.406980
-0.160438 -0.547586 0.163027 -0.896812 -0.839630 0.405789 -0.671452 -0.918118 -0.416432 -0.898463
0.773234 -0.944766 0.097730 -0.183052 0.284052 -0.403695 -0.749917 0.903682 0.497867 0.720809
-0.499497 -0.922331 -0.393469 0.014165 -0.406698 0.595738 -0.516914 0.930504 -0.265470 0.504046
-0.611240 -0.177292 0.399024 -0.723294 -0.734509 0.939074 0.429190 -0.917865 -0.202358 -0.132959
0.488085 -0.498279 -0.631333 -0.838254 -0.143371 0.377000 -0.883613 0.830427 -0.115296 -0.520425
-1.86

-0.812253 -0.634268 0.869228 0.276541 0.033393 0.314223 -0.128654 0.460079 -0.904568 0.132074
-0.682707 -0.759671 -0.316241 -0.696402 -0.691686 -0.257173 1.079021 -0.649339 -0.965678 0.526729
0.613826 -0.307391 -0.070652 0.359547 -0.753882 1.048291 0.833361 -0.478213 -0.969391 0.866873
0.002080 0.078755 0.307928 0.111702 0.857783 0.858503 0.614398 0.212807 0.601899 0.354337
0.146734 -0.802999 0.382408 0.401279 0.041879 0.430854 0.062970 -0.826631 -0.512078 -0.570822
-0.245482 -1.162073 -0.003492 -0.416892 0.521445 -0.019207 0.273227 -0.558751 -0.718611 -0.007925
0.385781 -0.543327 0.633297 -0.801627 0.045892 1.145161 0.215944 -0.393058 -0.102959 0.151849
0.463296 -0.984620 -0.739967 0.281088 0.944233 0.333733 -0.402806 0.119690 0.239818 -0.523528
-0.244542 -0.171345 -0.246878 -0.130764 -0.224730 -0.620030 -0.803029 0.677083 0.454286 -0.290190
0.913602 0.113540 -0.274958 0.106051 -0.623431 -0.606592 0.324882 -0.102594 -0.784544 0.892389
0.562592 -1.013071 0.621858 0.978496 1.201862 -0.678258 0.504071 -0.118168 0.201663 0.937304
0.376060 0.523928 0.493738 0.556962 -0.057817 -0.464847 -0.326697 0.543794 -0.826790 0.026652
-0.533544 0.162611 0.576277 0.640720 -0.556630 0.785387 0.063777 -0.449564 0.296362 -0.036666
-0.244025 0.410169 -0.502552 -0.369495 -0.071096 -0.432636 -0.219596 0.142946 0.361948 0.414390
0.645581 0.488423 0.362079 -0.404987 -0.079554 0.075430 -0.714217 0.056740 -0.127328 0.604218
0.955801 0.112010 -0.354627 -0.913198 0.849287 0.838231 -0.494020 0.390822 -0.849131 -0.667569
-1.83

-0.566382 -0.411012 0.991663 0.393850 -0.231596 0.474201 0.830509 0.917405 -0.884272 -0.210956
-0.786488 -0.328680 -0.660640 0.293697 -0.223463 -0.541211 -0.468124 -0.279310 -0.480100 -0.093518
-0.935368 -0.440473 -0.177587 0.505564 -0.158085 -0.433630 -0.547600 0.881064 -0.166722 0.162325
0.838353 -0.864503 1.023323 0.403176 -0.370332 0.122510 0.855204 0.230740 0.940572 -0.246522
0.499157 0.055979 0.928328 0.438163 -0.872976 -0.926356 -0.432296 -0.702656 -0.579282 0.383429
0.068693 0.469821 0.736332 0.170299 0.452242 0.514162 -0.244299 -0.607830 -0.619909 -0.497115
-0.450536 -0.675545 0.666441 0.513998 -0.906207 -0.462655 -0.955631 -0.093670 -0.137579 0.662743
-0.384446 0.542772 0.845948 -0.823184 0.583636 0.179912 -0.039908 -0.248928 0.479337 0.278723
0.610089 0.716302 0.144527 0.900926 0.156176 0.213289 0.049631 -0.907996 0.362794 0.094893
-0.098179 0.730943 -0.494081 0.047205 0.395284 0.592944 -0.081306 0.654183 0.507836 -0.867528
-0.908277 0.151611 -0.395173 -0.881738 0.159300 -0.316874 -0.225473 -0.109762 0.139532 -0.199399
0.395335 -0.429866 0.303003 -0.266678 0.448635 -0.269528 0.916221 0.173871 -0.642302 0.643581
-0.309835 -0.304762 -0.726391 0.007431 -0.021153 -0.378017 0.698435 -0.532503 -0.729801 -0.716834
-0.815419 -0.037709 0.375569 0.233314 -0.476045 -0.035428 -0.784810 0.676602 -0.860966 0.164556
0.972514 0.073181 0.848083 -0.527767 0.519911 0.062532 0.441032 -0.875317 -0.704522 -0.733766
0.374331 0.688881 0.499232 -0.939056 0.734430 -0.291707 -0.205672 -0.790262 0.474810 -0.635432
-1.89

0.127930 0.681420 -0.821591 0.070671 -0.533567 -0.314146 -0.052060 -0.289791 0.297646 -0.040836
0.168399 0.473645 0.115485 0.173071 0.128917 -0.242455 -0.325106 0.799295 0.215110 -0.511294
-0.003505 -0.339303 0.867384 -0.984931 -0.549334 -0.269286 -0.024380 0.701635 -0.824225 0.611730
-0.888693 0.834628 -0.746729 -1.293515 0.063923 0.664511 0.463221 0.301997 0.984791 -0.989400
0.950134 0.131498 0.265792 0.311723 0.106915 -0.259927 -0.376761 0.497165 -0.439845 0.935988
0.421905 -0.480986 0.472494 -0.270320 0.414460 0.535559 -1.155419 0.012208 0.984029 -0.358716
0.187766 -0.261539 -0.091464 0.097206 0.097844 -0.596539 0.369143 -0.824264 -0.722350 -0.994578
-0.766608 -0.053668 0.212204 0.588579 -0.786601 0.701455 0.491949 -0.182963 0.865876 0.981859
-0.589996 -0.241543 0.852899 0.323193 -1.023811 0.443029 0.535882 0.501004 0.599074 0.650265
-0.627190 -0.528616 0.267517 0.815732 -0.367607 0.176613 0.365964 0.023897 0.547565 0.799335
0.248203 0.079562 -0.122511 0.214973 -0.289275 -0.217036 0.123715 -0.746762 -0.421949 0.085699
-0.136944 -0.394368 0.461098 0.387435 -0.606539 0.817258 0.110847 0.602922 0.386302 0.995385
0.504806 0.413961 0.497144 -0.713744 -0.590911 0.428128 -0.012037 0.449271 -0.554168 0.252963
-0.242357 -0.086000 0.207916 -0.055423 0.019721 -0.087285 -0.242090 0.423764 -0.915594 0.256885
0.131017 0.432358 0.198059 0.653598 0.918150 -0.314951 -0.545298 -0.152806 -0.424141 0.229901
0.823705 -0.721768 -0.798411 -0.487969 0.452191 0.185926 -0.795575 0.837501 0.580169 -0.953955
-1.80

