VALORES INICIALES
Random state = 42
Learning rate = 0.07
Bias en cada perceptron = -1.5

ENTRENAMIENTO EN A
Perceptron nº0
0.593086 -0.250466 1.04076 0.544986 0.181959 -0.509757 0.269783 0.148795 -0.205352 0.38795
Perceptron nº1
0.593086 -0.63313 0.559382 0.1937 -0.108334 -0.80005 -0.0815022 -0.332583 -0.714266 0.301777
Perceptron nº2
0.593086 -0.63313 0.559382 0.1937 -0.108334 -0.80005 -0.0815022 -0.332583 -0.714266 0.301777
Perceptron nº3
0.593086 -0.63313 0.559382 0.1937 -0.108334 -0.80005 -0.0815022 -0.332583 -0.714266 0.301777
Perceptron nº4
0.593086 -0.63313 0.559382 0.1937 -0.108334 -0.80005 -0.0815022 -0.332583 -0.714266 0.301777
Bias Perceptron 0: 0.0274774

ENTRENAMIENTO EN E
Perceptron nº0
0.593086 -0.63313 0.559382 0.1937 -0.108334 -0.80005 -0.0815022 -0.332583 -0.714266 0.301777
Perceptron nº1
0.593086 -0.185903 1.06525 0.572728 0.213915 -0.4778 0.297525 0.091071 -0.34925 0.301777
Perceptron nº2
0.593086 -0.63313 0.559382 0.1937 -0.108334 -0.80005 -0.0815022 -0.332583 -0.714266 0.301777
Perceptron nº3
0.593086 -0.63313 0.559382 0.1937 -0.108334 -0.80005 -0.0815022 -0.332583 -0.714266 0.301777
Perceptron nº4
0.593086 -0.63313 0.559382 0.1937 -0.108334 -0.80005 -0.0815022 -0.332583 -0.714266 0.301777
Bias Perceptron 1: 0.0143865

ENTRENAMIENTO EN I
Perceptron nº0
0.593086 -0.63313 0.559382 0.1937 -0.108334 -0.80005 -0.0815022 -0.332583 -0.714266 0.301777 
Perceptron nº1
0.593086 -0.63313 0.559382 0.1937 -0.108334 -0.80005 -0.0815022 -0.332583 -0.714266 0.301777
Perceptron nº2
0.593086 -0.63313 0.559382 0.649795 0.34776 -0.343956 0.374592 -0.332583 -0.714266 0.301777
Perceptron nº3
0.593086 -0.63313 0.559382 0.1937 -0.108334 -0.80005 -0.0815022 -0.332583 -0.714266 0.301777
Perceptron nº4
0.593086 -0.63313 0.559382 0.1937 -0.108334 -0.80005 -0.0815022 -0.332583 -0.714266 0.301777
Bias Perceptron 2: 0.00716119

ENTRENAMIENTO EN O
Perceptron nº0
0.593086 -0.63313 0.559382 0.1937 -0.108334 -0.80005 -0.0815022 -0.332583 -0.714266 0.301777
Perceptron nº1
0.593086 -0.63313 0.559382 0.1937 -0.108334 -0.80005 -0.0815022 -0.332583 -0.714266 0.301777
Perceptron nº2
0.593086 -0.63313 0.559382 0.1937 -0.108334 -0.80005 -0.0815022 -0.332583 -0.714266 0.301777
Perceptron nº3
0.593086 -0.214305 1.03684 0.515003 0.151976 -0.53974 0.2398 0.14488 -0.295441 0.301777
Perceptron nº4
0.593086 -0.63313 0.559382 0.1937 -0.108334 -0.80005 -0.0815022 -0.332583 -0.714266 0.301777
Bias Perceptron 3: 0.0340736

ENTRENAMIENTO EN U
Perceptron nº0
0.593086 -0.63313 0.559382 0.1937 -0.108334 -0.80005 -0.0815022 -0.332583 -0.714266 0.301777
Perceptron nº1
0.593086 -0.63313 0.559382 0.1937 -0.108334 -0.80005 -0.0815022 -0.332583 -0.714266 0.301777
Perceptron nº2
0.593086 -0.63313 0.559382 0.1937 -0.108334 -0.80005 -0.0815022 -0.332583 -0.714266 0.301777
Perceptron nº3
0.593086 -0.63313 0.559382 0.1937 -0.108334 -0.80005 -0.0815022 -0.332583 -0.714266 0.301777
Perceptron nº4
0.593086 -0.156421 1.0818 0.413454 0.073931 -0.617785 0.138252 0.189832 -0.055292 0.438337
Bias Perceptron 4: 0.027755