VALORES INICIALES
Random state = 42
Learning rate = 0.05
Bias en cada perceptron = -1.8

ENTRENAMIENTO EN A
Perceptron nº0
0.593086 -0.179281 1.09356 0.590156 0.208448 -0.483268 0.314953 0.201591 -0.126518 0.399662
Perceptron nº1
0.593086 -0.63313 0.559382 0.1937 -0.108334 -0.80005 -0.0815022 -0.332583 -0.714266 0.301777
Perceptron nº2
0.593086 -0.63313 0.559382 0.1937 -0.108334 -0.80005 -0.0815022 -0.332583 -0.714266 0.301777
Perceptron nº3
0.593086 -0.63313 0.559382 0.1937 -0.108334 -0.80005 -0.0815022 -0.332583 -0.714266 0.301777
Perceptron nº4
0.593086 -0.63313 0.559382 0.1937 -0.108334 -0.80005 -0.0815022 -0.332583 -0.714266 0.301777
Bias Perceptron 0: 0.0131103

ENTRENAMIENTO EN E
Perceptron nº0
0.593086 -0.63313 0.559382 0.1937 -0.108334 -0.80005 -0.0815022 -0.332583 -0.714266 0.301777
Perceptron nº1
0.593086 -0.130374 1.13431 0.608691 0.262472 -0.429244 0.333488 0.119234 -0.369221 0.301777
Perceptron nº2
0.593086 -0.63313 0.559382 0.1937 -0.108334 -0.80005 -0.0815022 -0.332583 -0.714266 0.301777
Perceptron nº3
0.593086 -0.63313 0.559382 0.1937 -0.108334 -0.80005 -0.0815022 -0.332583 -0.714266 0.301777
Perceptron nº4
0.593086 -0.63313 0.559382 0.1937 -0.108334 -0.80005 -0.0815022 -0.332583 -0.714266 0.301777
Bias Perceptron 1: 0.0235552

ENTRENAMIENTO EN I
Perceptron nº0
0.593086 -0.63313 0.559382 0.1937 -0.108334 -0.80005 -0.0815022 -0.332583 -0.714266 0.301777
Perceptron nº1
0.593086 -0.63313 0.559382 0.1937 -0.108334 -0.80005 -0.0815022 -0.332583 -0.714266 0.301777
Perceptron nº2
0.593086 -0.63313 0.559382 0.685451 0.383416 -0.308299 0.410249 -0.332583 -0.714266 0.301777
Perceptron nº3
0.593086 -0.63313 0.559382 0.1937 -0.108334 -0.80005 -0.0815022 -0.332583 -0.714266 0.301777
Perceptron nº4
0.593086 -0.63313 0.559382 0.1937 -0.108334 -0.80005 -0.0815022 -0.332583 -0.714266 0.301777 
Bias Perceptron 2: 0.0157665

ENTRENAMIENTO EN O
Perceptron nº0
0.593086 -0.63313 0.559382 0.1937 -0.108334 -0.80005 -0.0815022 -0.332583 -0.714266 0.301777
Perceptron nº1
0.593086 -0.63313 0.559382 0.1937 -0.108334 -0.80005 -0.0815022 -0.332583 -0.714266 0.301777
Perceptron nº2
0.593086 -0.63313 0.559382 0.1937 -0.108334 -0.80005 -0.0815022 -0.332583 -0.714266 0.301777
Perceptron nº3
0.593086 -0.149877 1.11888 0.564936 0.183228 -0.508488 0.289734 0.226913 -0.231013 0.301777
Perceptron nº4
0.593086 -0.63313 0.559382 0.1937 -0.108334 -0.80005 -0.0815022 -0.332583 -0.714266 0.301777
Bias Perceptron 3: 0.0146312

ENTRENAMIENTO EN U
Perceptron nº0
0.593086 -0.63313 0.559382 0.1937 -0.108334 -0.80005 -0.0815022 -0.332583 -0.714266 0.301777
Perceptron nº1
0.593086 -0.63313 0.559382 0.1937 -0.108334 -0.80005 -0.0815022 -0.332583 -0.714266 0.301777
Perceptron nº2
0.593086 -0.63313 0.559382 0.1937 -0.108334 -0.80005 -0.0815022 -0.332583 -0.714266 0.301777
Perceptron nº3
0.593086 -0.63313 0.559382 0.1937 -0.108334 -0.80005 -0.0815022 -0.332583 -0.714266 0.301777 
Perceptron nº4
0.593086 -0.138074 1.12086 0.432708 0.0947266 -0.596989 0.157506 0.2289 -0.0161487 0.438412
Bias Perceptron 4: 0.0180892