VALORES INICIALES
Random state = 42
Learning rate = 0.04
Bias en cada perceptron = -2.2

ENTRENAMIENTO EN A
Perceptron nº0
0.593086 -0.196711 1.08517 0.570256 0.189877 -0.501839 0.295054 0.1932 -0.148965 0.38659
Perceptron nº1
0.593086 -0.63313 0.559382 0.1937 -0.108334 -0.80005 -0.0815022 -0.332583 -0.714266 0.301777
Perceptron nº2
0.593086 -0.63313 0.559382 0.1937 -0.108334 -0.80005 -0.0815022 -0.332583 -0.714266 0.301777
Perceptron nº3
0.593086 -0.63313 0.559382 0.1937 -0.108334 -0.80005 -0.0815022 -0.332583 -0.714266 0.301777
Perceptron nº4
0.593086 -0.63313 0.559382 0.1937 -0.108334 -0.80005 -0.0815022 -0.332583 -0.714266 0.301777
Bias Perceptron 0: 0.00742149

ENTRENAMIENTO EN E
Perceptron nº0
0.593086 -0.441729 0.747829 0.32671 -0.00196915 -0.693685 0.051508 -0.0752525 -0.300039 0.38659
Perceptron nº1
0.593086 -0.142401 1.12206 0.608822 0.260082 -0.431634 0.333619 0.122898 -0.362697 0.301777
Perceptron nº2
0.593086 -0.63313 0.559382 0.1937 -0.108334 -0.80005 -0.0815022 -0.332583 -0.714266 0.301777
Perceptron nº3
0.593086 -0.63313 0.559382 0.1937 -0.108334 -0.80005 -0.0815022 -0.332583 -0.714266 0.301777
Perceptron nº4
0.593086 -0.63313 0.559382 0.1937 -0.108334 -0.80005 -0.0815022 -0.332583 -0.714266 0.301777
Bias Perceptron 1: 0.00409388

ENTRENAMIENTO EN I
Perceptron nº0
0.593086 -0.441729 0.747829 0.32671 -0.00196915 -0.693685 0.051508 -0.0752525 -0.300039 0.38659
Perceptron nº1
0.593086 -0.142401 1.12206 0.454215 0.105475 -0.586241 0.179012 0.122898 -0.362697 0.301777
Perceptron nº2
0.593086 -0.63313 0.559382 0.695621 0.393586 -0.298129 0.420419 -0.332583 -0.714266 0.301777
Perceptron nº3
0.593086 -0.63313 0.559382 0.1937 -0.108334 -0.80005 -0.0815022 -0.332583 -0.714266 0.301777
Perceptron nº4
0.593086 -0.63313 0.559382 0.1937 -0.108334 -0.80005 -0.0815022 -0.332583 -0.714266 0.301777 
Bias Perceptron 2: 0.00365172

ENTRENAMIENTO EN O
Perceptron nº0
0.593086 -0.441729 0.747829 0.32671 -0.00196915 -0.693685 0.051508 -0.0752525 -0.300039 0.38659
Perceptron nº1
0.593086 -0.285339 0.880661 0.281991 0.00701701 -0.684699 0.0067883 -0.118497 -0.505635 0.301777
Perceptron nº2
0.593086 -0.63313 0.429608 0.449985 0.147951 -0.543765 0.174783 -0.462356 -0.714266 0.301777
Perceptron nº3
0.593086 -0.170053 1.09783 0.572152 0.191105 -0.50061 0.29695 0.205867 -0.251189 0.301777
Perceptron nº4
0.593086 -0.63313 0.559382 0.1937 -0.108334 -0.80005 -0.0815022 -0.332583 -0.714266 0.301777 
Bias Perceptron 3: 0.00818198

ENTRENAMIENTO EN U
Perceptron nº0
0.593086 -0.441729 0.747829 0.32671 -0.00196915 -0.693685 0.051508 -0.0752525 -0.300039 0.38659
Perceptron nº1
0.593086 -0.285339 0.880661 0.281991 0.00701701 -0.684699 0.0067883 -0.118497 -0.505635 0.301777
Perceptron nº2
0.593086 -0.63313 0.429608 0.449985 0.147951 -0.543765 0.174783 -0.462356 -0.714266 0.301777
Perceptron nº3
0.593086 -0.403638 0.801484 0.411653 0.117114 -0.574602 0.13645 -0.0904807 -0.558766 0.290548 
Perceptron nº4
0.593086 -0.161521 1.08875 0.432454 0.0878188 -0.603897 0.157251 0.196781 -0.046504 0.440176
Bias Perceptron 4: 0.00618053