LETRA a
{0,0,0,0,0,0,0,0,0,0},
{0,0,0,0,0,0,0,0,0,0},
{0,0,0,0,0,0,0,0,0,0},
{0,0,0,1,1,1,1,0,0,0},
{0,0,1,1,1,1,1,1,0,0},
{0,1,1,1,0,0,1,1,1,0},
{0,1,1,0,0,0,0,1,1,0},
{0,1,1,0,0,0,0,1,1,0},
{0,1,1,0,0,0,0,1,1,0},
{0,1,1,0,0,0,0,1,1,0},
{0,1,1,0,0,0,0,1,1,0},
{0,1,1,1,0,0,1,1,1,0},
{0,0,1,1,1,1,1,1,1,0},
{0,0,0,1,1,1,1,0,1,1},
{0,0,0,0,0,0,0,0,0,0},
{0,0,0,0,0,0,0,0,0,0}

LETRA e
{0,0,0,0,0,0,0,0,0,0},
{0,0,0,0,0,0,0,0,0,0},
{0,0,0,0,0,0,0,0,0,0},
{0,0,0,1,1,1,1,0,0,0},
{0,0,1,1,1,1,1,1,0,0},
{0,0,1,1,0,0,1,1,0,0},
{0,1,1,0,0,0,0,1,1,0},
{0,1,1,0,0,0,0,1,1,0},
{0,1,1,1,1,1,1,1,1,0},
{0,1,1,0,0,0,0,0,0,0},
{0,1,1,0,0,0,0,0,0,0},
{0,1,1,1,0,0,0,0,0,0},
{0,0,1,1,1,1,1,1,0,0},
{0,0,0,1,1,1,1,1,0,0},
{0,0,0,0,0,0,0,0,0,0},
{0,0,0,0,0,0,0,0,0,0}

LETRA i
{0,0,0,0,0,0,0,0,0,0},
{0,0,0,0,0,0,0,0,0,0},
{0,0,0,0,1,1,0,0,0,0},
{0,0,0,0,1,1,0,0,0,0},
{0,0,0,0,0,0,0,0,0,0},
{0,0,0,0,1,1,0,0,0,0},
{0,0,0,0,1,1,0,0,0,0},
{0,0,0,0,1,1,0,0,0,0},
{0,0,0,0,1,1,0,0,0,0},
{0,0,0,0,1,1,0,0,0,0},
{0,0,0,0,1,1,0,0,0,0},
{0,0,0,0,1,1,0,0,0,0},
{0,0,0,0,1,1,0,0,0,0},
{0,0,0,0,1,1,0,0,0,0},
{0,0,0,0,0,0,0,0,0,0},
{0,0,0,0,0,0,0,0,0,0}

LETRA o
{0,0,0,0,0,0,0,0,0,0},
{0,0,0,0,0,0,0,0,0,0},
{0,0,0,0,0,0,0,0,0,0},
{0,0,0,1,1,1,1,0,0,0},
{0,0,1,1,1,1,1,1,0,0},
{0,1,1,1,0,0,1,1,1,0},
{0,1,1,0,0,0,0,1,1,0},
{0,1,1,0,0,0,0,1,1,0},
{0,1,1,0,0,0,0,1,1,0},
{0,1,1,0,0,0,0,1,1,0},
{0,1,1,1,0,0,1,1,1,0},
{0,0,1,1,1,1,1,1,0,0},
{0,0,0,1,1,1,1,0,0,0},
{0,0,0,0,0,0,0,0,0,0},
{0,0,0,0,0,0,0,0,0,0},
{0,0,0,0,0,0,0,0,0,0}

LETRA u
{0,0,0,0,0,0,0,0,0,0},
{0,0,0,0,0,0,0,0,0,0},
{0,0,0,0,0,0,0,0,0,0},
{0,0,0,0,0,0,0,0,0,0},
{0,0,0,0,0,0,0,0,0,0},
{0,1,1,0,0,0,0,1,1,0},
{0,1,1,0,0,0,0,1,1,0},
{0,1,1,0,0,0,0,1,1,0},
{0,1,1,0,0,0,0,1,1,0},
{0,1,1,0,0,0,0,1,1,0},
{0,1,1,1,0,0,1,1,1,0},
{0,0,1,1,1,1,1,1,1,0},
{0,0,0,1,1,1,1,0,1,1},
{0,0,0,0,0,0,0,0,0,0},
{0,0,0,0,0,0,0,0,0,0},
{0,0,0,0,0,0,0,0,0,0}